# oST version 5.0 parameters


[image]

width
640

height
480

[narrow_stereo]

camera matrix
817.675132 0.000000 297.554845
0.000000 817.785943 210.934567
0.000000 0.000000 1.000000

distortion
0.001100 -0.153826 -0.007194 -0.005565 0.000000

rectification
1.000000 0.000000 0.000000
0.000000 1.000000 0.000000
0.000000 0.000000 1.000000

projection
813.482422 0.000000 294.495416 0.000000
0.000000 814.971924 208.590148 0.000000
0.000000 0.000000 1.000000 0.000000
